0.037365,-0.00032814,-5.83E-05,-0.0012755,-2.46E-05,-4.25E-05,-0.00035603,-0.00035449,-0.0020195,-0.001304,0.0015797,-0.0019019,0.0011055,7.62E-05,-0.0017301,4.17E-05,-0.0056388,-5.44E-05,3.09E-05,-5.78E-05,-2.74E-05,-0.0015659,0.0011466,-0.00025232,0.00055388,-0.00046188,-0.001461,0.0016036,-0.00082899,0.00017646,0.0021293,0.00012818,0.00095397,0.00016396,-2.02E-05,-0.0006895,8.44E-06,-0.00060874,0.00027602,-0.00028884,-0.00029594,0.00010282,8.92E-05,-9.89E-05,-4.67E-05,0.00013422,-1.20E-05,2.33E-05,0.00030037,0.00016757,-6.22E-05,3.32E-06,-0.00010351,0.00044305,-0.00033474,8.50E-05,0.00031293,-0.00013257,-5.17E-05,6.76E-05,2.13E-05,6.53E-05,-0.00043828,-6.58E-05,-0.00051641,-6.92E-05,9.96E-05,3.23E-05,-0.00034887,-6.14E-05,0.00052507,0.00051713,0.00046837,-0.00016253,-0.00032004,0.00036411,-9.55E-05,0.0002905,-0.00025393,-2.50E-05
-0.00032814,0.001069,-7.17E-06,0.00011836,9.46E-05,-0.00020137,0.00021524,2.39E-05,0.00029564,-6.70E-05,0.00019743,-0.00013867,8.31E-05,-1.98E-05,0.00015989,4.15E-05,-5.44E-05,0.00094854,3.55E-05,-0.00024295,-0.00012198,-0.00034829,0.0001628,-0.00016051,-1.87E-05,0.00012032,-0.00011254,6.84E-05,-6.63E-05,-6.86E-05,-0.00013548,3.50E-05,0.00016396,-1.72E-05,-4.01E-06,-1.33E-05,-2.36E-05,8.16E-05,-8.95E-05,-6.20E-06,-0.00021279,2.35E-05,-6.69E-05,2.21E-05,-2.15E-05,6.02E-05,-0.00016928,-1.34E-05,0.00016757,0.00011157,1.16E-05,3.10E-05,7.60E-05,-0.00015664,8.61E-05,-6.70E-05,-3.19E-05,-8.53E-05,5.38E-05,-6.66E-05,4.74E-05,-0.00013601,-5.19E-05,-1.48E-05,-6.92E-05,0.00040732,2.30E-05,-0.00012854,-8.68E-06,-0.00031743,0.00010211,-0.00020923,4.69E-05,4.40E-05,-4.89E-05,1.96E-05,-1.46E-05,6.33E-06,-6.82E-05,2.34E-06
-5.83E-05,-7.17E-06,0.002905,2.83E-05,3.06E-06,0.00038264,-0.0011599,-0.00077581,3.25E-05,-4.24E-05,-1.88E-05,9.23E-06,4.50E-06,4.52E-06,1.62E-05,4.16E-06,3.09E-05,3.55E-05,-4.26E-05,-2.66E-05,-2.28E-05,-0.00035912,0.00026895,-8.50E-05,-1.71E-05,-7.74E-05,-3.32E-05,3.33E-05,9.54E-06,3.15E-05,-8.18E-06,1.20E-05,-2.02E-05,-4.01E-06,-4.65E-06,5.05E-05,-1.21E-05,-7.48E-05,5.78E-05,-1.56E-05,-4.40E-05,-1.03E-05,-1.18E-05,1.84E-06,7.62E-06,1.47E-05,-2.25E-05,1.86E-06,-6.22E-05,1.16E-05,6.17E-06,2.56E-05,1.67E-06,0.00017614,-8.60E-05,9.07E-05,1.33E-05,3.14E-05,5.11E-06,5.62E-07,-2.98E-06,8.70E-06,-1.06E-07,-2.03E-06,9.96E-05,2.30E-05,-4.05E-06,-2.06E-05,1.33E-06,-0.00040621,0.00023661,-0.00016884,5.93E-06,-3.24E-05,1.63E-05,-1.59E-05,1.86E-05,-1.09E-05,-1.85E-05,4.01E-06
-0.0012755,0.00011836,2.83E-05,0.0011806,5.48E-05,-9.33E-05,0.00027718,0.00017844,0.00098244,0.00010832,0.00035215,-0.00011489,3.24E-05,1.71E-06,2.53E-05,1.94E-05,-5.78E-05,-0.00024295,-2.66E-05,0.00019518,-9.19E-05,0.00039624,-0.00039738,-1.83E-05,9.76E-05,9.74E-05,-7.13E-05,2.13E-05,-5.26E-06,9.14E-05,-3.44E-05,3.17E-05,-0.0006895,-1.33E-05,5.05E-05,0.00040193,-7.25E-05,3.19E-05,2.65E-05,5.49E-05,0.00011819,0.00016528,-2.70E-05,5.36E-05,-4.36E-05,8.72E-05,-6.58E-05,-5.04E-07,3.32E-06,3.10E-05,2.56E-05,5.26E-05,3.91E-05,4.15E-05,-2.91E-05,1.73E-05,-0.00011286,2.83E-05,-1.33E-05,-2.79E-05,3.29E-05,-1.97E-05,4.96E-06,-4.23E-06,3.23E-05,-0.00012854,-2.06E-05,4.97E-05,2.46E-05,0.00024914,-0.0002598,-1.69E-05,-4.84E-05,2.07E-05,-4.27E-05,-9.62E-06,3.32E-05,4.33E-05,6.63E-05,1.52E-05
-2.46E-05,9.46E-05,3.06E-06,5.48E-05,0.002891,0.00012413,-6.37E-05,6.42E-05,5.40E-05,5.20E-05,-5.93E-05,6.74E-05,-4.50E-05,3.93E-05,-0.00013797,-1.32E-05,-2.74E-05,-0.00012198,-2.28E-05,-9.19E-05,7.85E-05,3.98E-05,-4.12E-05,1.43E-05,-4.29E-05,-6.74E-05,7.29E-05,-8.33E-05,5.93E-05,-1.47E-05,0.00012103,3.23E-05,8.44E-06,-2.36E-05,-1.21E-05,-7.25E-05,9.61E-05,3.62E-05,-7.59E-05,-3.49E-05,-0.00011041,-4.54E-05,5.01E-05,-8.03E-05,6.03E-05,-1.92E-05,0.00017904,2.76E-05,-0.00010351,7.60E-05,1.67E-06,3.91E-05,-4.87E-05,-1.16E-05,2.59E-05,1.19E-05,3.03E-05,3.32E-05,-2.13E-05,3.24E-05,-1.96E-05,4.41E-05,-3.50E-05,-3.97E-06,-0.00034887,-8.68E-06,1.33E-06,2.46E-05,-8.91E-05,0.00022483,-0.00012032,0.0001108,4.33E-05,8.31E-05,-8.87E-05,0.00010583,-6.24E-05,8.23E-05,-8.49E-06,1.18E-06
-4.25E-05,-0.00020137,0.00038264,-9.33E-05,0.00012413,0.021637,0.01237,-0.013688,0.00010141,-0.0010285,-0.00039628,9.80E-05,1.45E-05,0.00027397,0.00030364,1.70E-05,-0.0015659,-0.00034829,-0.00035912,0.00039624,3.98E-05,0.0058099,-0.0034025,0.0027034,0.0010385,0.00055197,-0.00021562,0.00054431,-0.00030824,-6.88E-05,-0.00039305,-0.00012471,-0.00060874,8.16E-05,-7.48E-05,3.19E-05,3.62E-05,0.00089673,-0.00053133,0.00047623,0.00012875,-2.92E-05,-0.00017402,0.00024232,-0.00010435,-0.00019402,-0.00019779,-6.60E-05,0.00044305,-0.00015664,0.00017614,4.15E-05,-1.16E-05,-0.0022516,0.0015435,-0.00075976,4.81E-05,8.17E-05,0.00015704,-0.00012898,2.30E-05,-0.00021104,-0.00019809,-1.17E-05,-6.14E-05,-0.00031743,-0.00040621,0.00024914,0.00022483,0.0052842,-0.0030219,0.0023484,0.0001937,-3.32E-05,5.59E-05,7.19E-05,-5.14E-05,0.00041851,0.00017056,-1.40E-05
-0.00035603,0.00021524,-0.0011599,0.00027718,-6.37E-05,0.01237,0.020052,-0.01529,0.00056896,0.00011909,-6.93E-05,-0.00014242,7.73E-05,-6.83E-05,-0.0002231,-8.22E-06,0.0011466,0.0001628,0.00026895,-0.00039738,-4.12E-05,-0.0034025,0.001674,-0.0017952,-0.00058991,-0.00028129,8.39E-05,-0.00029442,0.00010982,-0.00014959,0.00030814,7.23E-05,0.00027602,-8.95E-05,5.78E-05,2.65E-05,-7.59E-05,-0.00053133,0.00028756,-0.00028233,7.99E-05,-4.89E-05,0.00011618,-0.00012539,3.08E-05,2.03E-05,5.11E-05,3.19E-05,-0.00033474,8.61E-05,-8.60E-05,-2.91E-05,2.59E-05,0.0015435,-0.0012218,0.00034848,-3.24E-05,-4.44E-05,-0.00010247,0.00011009,-3.46E-05,9.77E-05,0.00018961,1.08E-05,0.00052507,0.00010211,0.00023661,-0.0002598,-0.00012032,-0.0030219,0.0015101,-0.0015317,-0.00020902,4.29E-05,3.56E-05,-8.86E-05,3.37E-05,-0.0002941,-9.64E-05,1.02E-05
-0.00035449,2.39E-05,-0.00077581,0.00017844,6.42E-05,-0.013688,-0.01529,0.018713,0.00065285,-0.00091557,-0.00045784,-5.15E-05,9.82E-05,0.00022068,8.00E-05,7.70E-06,-0.00025232,-0.00016051,-8.50E-05,-1.83E-05,1.43E-05,0.0027034,-0.0017952,0.00086509,0.00037572,0.00024893,-0.00010165,0.00022637,-0.00017396,-0.00016514,-8.55E-05,-5.75E-05,-0.00028884,-6.20E-06,-1.56E-05,5.49E-05,-3.49E-05,0.00047623,-0.00028233,0.00019883,0.00018832,-8.61E-05,-5.16E-05,0.00011326,-6.84E-05,-0.00016457,-0.00014554,-3.56E-05,8.50E-05,-6.70E-05,9.07E-05,1.73E-05,1.19E-05,-0.00075976,0.00034848,-0.00040755,2.92E-05,4.72E-05,5.46E-05,-1.87E-05,-1.29E-05,-0.00011336,-9.63E-06,-3.93E-08,0.00051713,-0.00020923,-0.00016884,-1.69E-05,0.0001108,0.0023484,-0.0015317,0.00079844,-3.89E-05,-3.81E-06,0.0001002,-2.22E-05,-1.09E-05,0.00013629,7.66E-05,-5.40E-06
-0.0020195,0.00029564,3.25E-05,0.00098244,5.40E-05,0.00010141,0.00056896,0.00065285,0.0018228,-0.00017345,-0.00018293,-6.44E-05,6.04E-05,-8.81E-05,8.20E-05,1.42E-05,0.00055388,-1.87E-05,-1.71E-05,9.76E-05,-4.29E-05,0.0010385,-0.00058991,0.00037572,-7.10E-05,-6.53E-05,4.11E-05,-1.31E-05,1.94E-05,8.17E-05,-6.32E-05,1.83E-06,-0.00029594,-0.00021279,-4.40E-05,0.00011819,-0.00011041,0.00012875,7.99E-05,0.00018832,0.00033969,-1.84E-05,-3.43E-05,0.0001201,-6.95E-05,-7.08E-06,-0.00013694,-2.09E-05,0.00031293,-3.19E-05,1.33E-05,-0.00011286,3.03E-05,4.81E-05,-3.24E-05,2.92E-05,-0.00011677,-9.27E-05,6.98E-06,-1.29E-05,3.13E-06,-5.77E-05,3.05E-05,1.40E-06,0.00046837,4.69E-05,5.93E-06,-4.84E-05,4.33E-05,0.0001937,-0.00020902,-3.89E-05,-0.00012942,-2.86E-05,5.33E-05,-4.47E-05,2.39E-05,-1.27E-05,4.81E-06,1.37E-06
-0.001304,-6.70E-05,-4.24E-05,0.00010832,5.20E-05,-0.0010285,0.00011909,-0.00091557,-0.00017345,0.0027438,-9.11E-06,-4.52E-05,4.68E-05,-8.53E-05,9.89E-05,1.10E-05,-0.00046188,0.00012032,-7.74E-05,9.74E-05,-6.74E-05,0.00055197,-0.00028129,0.00024893,-6.53E-05,-9.78E-05,2.61E-05,-3.27E-05,8.58E-05,0.00012742,-0.00010496,-1.15E-05,0.00010282,2.35E-05,-1.03E-05,0.00016528,-4.54E-05,-2.92E-05,-4.89E-05,-8.61E-05,-1.84E-05,5.86E-05,-4.99E-06,2.21E-06,1.93E-05,9.23E-05,-0.00010749,-1.23E-05,-0.00013257,-8.53E-05,3.14E-05,2.83E-05,3.32E-05,8.17E-05,-4.44E-05,4.72E-05,-9.27E-05,-1.90E-06,2.03E-05,-3.03E-05,1.62E-05,-3.55E-05,-7.29E-06,-6.06E-07,-0.00016253,4.40E-05,-3.24E-05,2.07E-05,8.31E-05,-3.32E-05,4.29E-05,-3.81E-06,-2.86E-05,-7.02E-05,0.00012397,-0.00013967,0.00010554,-8.38E-06,3.64E-05,9.82E-06
0.0015797,0.00019743,-1.88E-05,0.00035215,-5.93E-05,-0.00039628,-6.93E-05,-0.00045784,-0.00018293,-9.11E-06,0.0026022,0.00036049,-0.00020512,2.73E-05,4.96E-05,-4.03E-06,-0.001461,-0.00011254,-3.32E-05,-7.13E-05,7.29E-05,-0.00021562,8.39E-05,-0.00010165,4.11E-05,2.61E-05,-0.00046568,0.00059037,-0.00034866,3.37E-05,1.85E-05,4.18E-05,8.92E-05,-6.69E-05,-1.18E-05,-2.70E-05,5.01E-05,-0.00017402,0.00011618,-5.16E-05,-3.43E-05,-4.99E-06,5.92E-06,-5.42E-06,1.50E-05,2.43E-05,-4.97E-05,2.04E-05,-5.17E-05,5.38E-05,5.11E-06,-1.33E-05,-2.13E-05,0.00015704,-0.00010247,5.46E-05,6.98E-06,2.03E-05,2.37E-05,-1.89E-05,1.02E-05,1.63E-05,3.89E-05,-3.13E-06,-0.00032004,-4.89E-05,1.63E-05,-4.27E-05,-8.87E-05,5.59E-05,3.56E-05,0.0001002,5.33E-05,0.00012397,-0.00012405,0.00017461,-0.00011978,0.00010311,-0.00019763,1.49E-06
-0.0019019,-0.00013867,9.23E-06,-0.00011489,6.74E-05,9.80E-05,-0.00014242,-5.15E-05,-6.44E-05,-4.52E-05,0.00036049,0.0025625,0.00024543,-4.81E-05,-5.11E-05,6.32E-06,0.0016036,6.84E-05,3.33E-05,2.13E-05,-8.33E-05,0.00054431,-0.00029442,0.00022637,-1.31E-05,-3.27E-05,0.00059037,-0.00072228,0.00041918,-8.09E-05,-1.97E-05,-4.25E-05,-9.89E-05,2.21E-05,1.84E-06,5.36E-05,-8.03E-05,0.00024232,-0.00012539,0.00011326,0.0001201,2.21E-06,-5.42E-06,2.14E-05,-2.48E-05,-4.08E-05,3.31E-05,-2.62E-05,6.76E-05,-6.66E-05,5.62E-07,-2.79E-05,3.24E-05,-0.00012898,0.00011009,-1.87E-05,-1.29E-05,-3.03E-05,-1.89E-05,2.54E-05,-1.41E-05,-2.62E-05,-1.40E-05,6.54E-06,0.00036411,1.96E-05,-1.59E-05,-9.62E-06,0.00010583,7.19E-05,-8.86E-05,-2.22E-05,-4.47E-05,-0.00013967,0.00017461,-0.000215,0.00014121,-0.00013109,0.00022927,-2.49E-07
0.0011055,8.31E-05,4.50E-06,3.24E-05,-4.50E-05,1.45E-05,7.73E-05,9.82E-05,6.04E-05,4.68E-05,-0.00020512,0.00024543,0.0028273,-1.24E-05,1.38E-05,-6.85E-06,-0.00082899,-6.63E-05,9.54E-06,-5.26E-06,5.93E-05,-0.00030824,0.00010982,-0.00017396,1.94E-05,8.58E-05,-0.00034866,0.00041918,-0.00026655,-8.97E-06,2.24E-05,1.80E-05,-4.67E-05,-2.15E-05,7.62E-06,-4.36E-05,6.03E-05,-0.00010435,3.08E-05,-6.84E-05,-6.95E-05,1.93E-05,1.50E-05,-2.48E-05,1.35E-05,-2.15E-06,-4.25E-06,1.56E-05,2.13E-05,4.74E-05,-2.98E-06,3.29E-05,-1.96E-05,2.30E-05,-3.46E-05,-1.29E-05,3.13E-06,1.62E-05,1.02E-05,-1.41E-05,1.58E-05,4.45E-05,1.53E-05,-1.98E-06,-9.55E-05,-1.46E-05,1.86E-05,3.32E-05,-6.24E-05,-5.14E-05,3.37E-05,-1.09E-05,2.39E-05,0.00010554,-0.00011978,0.00014121,-9.50E-05,7.16E-05,-0.00011606,-1.69E-06
7.62E-05,-1.98E-05,4.52E-06,1.71E-06,3.93E-05,0.00027397,-6.83E-05,0.00022068,-8.81E-05,-8.53E-05,2.73E-05,-4.81E-05,-1.24E-05,0.0025181,5.84E-05,-5.08E-06,0.00017646,-6.86E-05,3.15E-05,9.14E-05,-1.47E-05,-6.88E-05,-0.00014959,-0.00016514,8.17E-05,0.00012742,3.37E-05,-8.09E-05,-8.97E-06,-0.00078679,-5.86E-05,-5.65E-05,0.00013422,6.02E-05,1.47E-05,8.72E-05,-1.92E-05,-0.00019402,2.03E-05,-0.00016457,-7.08E-06,9.23E-05,2.43E-05,-4.08E-05,-2.15E-06,-0.00017065,-9.20E-05,-2.02E-05,6.53E-05,-0.00013601,8.70E-06,-1.97E-05,4.41E-05,-0.00021104,9.77E-05,-0.00011336,-5.77E-05,-3.55E-05,1.63E-05,-2.62E-05,4.45E-05,0.00014853,5.43E-05,1.20E-05,0.0002905,6.33E-06,-1.09E-05,4.33E-05,8.23E-05,0.00041851,-0.0002941,0.00013629,-1.27E-05,-8.38E-06,0.00010311,-0.00013109,7.16E-05,-0.0003197,5.41E-05,-4.59E-06
-0.0017301,0.00015989,1.62E-05,2.53E-05,-0.00013797,0.00030364,-0.0002231,8.00E-05,8.20E-05,9.89E-05,4.96E-05,-5.11E-05,1.38E-05,5.84E-05,0.0025626,-3.43E-05,0.0021293,-0.00013548,-8.18E-06,-3.44E-05,0.00012103,-0.00039305,0.00030814,-8.55E-05,-6.32E-05,-0.00010496,1.85E-05,-1.97E-05,2.24E-05,-5.86E-05,0.00026357,2.38E-05,-1.20E-05,-0.00016928,-2.25E-05,-6.58E-05,0.00017904,-0.00019779,5.11E-05,-0.00014554,-0.00013694,-0.00010749,-4.97E-05,3.31E-05,-4.25E-06,-9.20E-05,0.00055402,5.07E-05,-0.00043828,-5.19E-05,-1.06E-07,4.96E-06,-3.50E-05,-0.00019809,0.00018961,-9.63E-06,3.05E-05,-7.29E-06,3.89E-05,-1.40E-05,1.53E-05,5.43E-05,8.36E-05,2.06E-05,-0.00025393,-6.82E-05,-1.85E-05,6.63E-05,-8.49E-06,0.00017056,-9.64E-05,7.66E-05,4.81E-06,3.64E-05,-0.00019763,0.00022927,-0.00011606,5.41E-05,0.00037331,2.33E-05
4.17E-05,4.15E-05,4.16E-06,1.94E-05,-1.32E-05,1.70E-05,-8.22E-06,7.70E-06,1.42E-05,1.10E-05,-4.03E-06,6.32E-06,-6.85E-06,-5.08E-06,-3.43E-05,0.0029707,0.00012818,3.50E-05,1.20E-05,3.17E-05,3.23E-05,-0.00012471,7.23E-05,-5.75E-05,1.83E-06,-1.15E-05,4.18E-05,-4.25E-05,1.80E-05,-5.65E-05,2.38E-05,-3.28E-05,2.33E-05,-1.34E-05,1.86E-06,-5.04E-07,2.76E-05,-6.60E-05,3.19E-05,-3.56E-05,-2.09E-05,-1.23E-05,2.04E-05,-2.62E-05,1.56E-05,-2.02E-05,5.07E-05,-2.17E-06,-6.58E-05,-1.48E-05,-2.03E-06,-4.23E-06,-3.97E-06,-1.17E-05,1.08E-05,-3.93E-08,1.40E-06,-6.06E-07,-3.13E-06,6.54E-06,-1.98E-06,1.20E-05,2.06E-05,6.91E-06,-2.50E-05,2.34E-06,4.01E-06,1.52E-05,1.18E-06,-1.40E-05,1.02E-05,-5.40E-06,1.37E-06,9.82E-06,1.49E-06,-2.49E-07,-1.69E-06,-4.59E-06,2.33E-05,-8.40E-06
-0.0056388,-5.44E-05,3.09E-05,-5.78E-05,-2.74E-05,-0.0015659,0.0011466,-0.00025232,0.00055388,-0.00046188,-0.001461,0.0016036,-0.00082899,0.00017646,0.0021293,0.00012818,0.17427,-0.0017382,-9.55E-05,-0.0071034,-0.00061873,-0.0044714,0.0018211,-0.0019382,-0.0085685,-0.0076522,0.0042808,-0.0055246,0.0034885,0.0012743,-0.0041187,0.00049892,-0.0067378,-0.00035594,0.00017123,0.00061739,-0.00029483,-0.0011741,0.0014597,0.00046039,0.0010467,-0.00060004,-0.0016983,0.0018708,-0.00082172,0.00026707,0.0019854,0.00010942,0.00080268,-9.77E-05,-2.15E-05,0.00036525,0.00019347,0.00053956,-0.00052061,-5.64E-05,-0.00026976,0.00015715,0.00041858,-0.00046822,0.00023426,-0.00026206,-0.00018154,-6.89E-06,-0.0062424,6.93E-05,-4.86E-05,-0.0007372,0.00036775,-0.002774,0.0014012,-0.0011539,-0.0001452,-0.00029667,-0.0015152,0.0016444,-0.0010575,3.57E-05,0.0032715,0.00024651
-5.44E-05,0.00094854,3.55E-05,-0.00024295,-0.00012198,-0.00034829,0.0001628,-0.00016051,-1.87E-05,0.00012032,-0.00011254,6.84E-05,-6.63E-05,-6.86E-05,-0.00013548,3.50E-05,-0.0017382,0.0079802,6.83E-05,-0.00014407,0.00014958,-0.0021038,0.0014773,-0.00051142,0.0013081,3.37E-05,0.00059602,-0.0004793,0.00021724,-0.00016068,0.00025824,0.00027981,-0.00035594,0.0012042,5.12E-05,-0.00034581,-0.00013946,-0.00060298,0.00028079,-0.00029701,0.00024092,0.00017507,-0.00011492,9.61E-05,-7.99E-05,-4.11E-05,-1.66E-06,5.49E-05,-9.77E-05,-0.0004095,-1.94E-05,0.00010663,1.80E-05,0.0002234,-5.98E-05,0.00015355,0.00010642,-3.08E-05,6.46E-05,-1.40E-05,1.70E-05,2.21E-05,0.00016636,3.47E-06,6.93E-05,0.00078542,1.52E-05,-0.00022023,-0.00020954,8.92E-07,-6.67E-06,2.12E-05,-0.00025056,0.00017616,-0.00018591,0.00012173,-0.00011475,1.95E-05,-0.00024175,3.87E-05
3.09E-05,3.55E-05,-4.26E-05,-2.66E-05,-2.28E-05,-0.00035912,0.00026895,-8.50E-05,-1.71E-05,-7.74E-05,-3.32E-05,3.33E-05,9.54E-06,3.15E-05,-8.18E-06,1.20E-05,-9.55E-05,6.83E-05,0.014418,9.58E-05,-4.56E-05,0.00046015,-0.0048092,-0.0043277,8.83E-05,-0.00044547,-0.00015931,0.00010159,7.64E-05,9.08E-05,1.72E-05,5.53E-05,0.00017123,5.12E-05,-4.20E-05,-0.00010411,-9.48E-06,-0.00072593,0.000456,-0.00026603,2.35E-05,-0.00010832,-7.63E-06,1.44E-05,2.02E-05,8.57E-07,-3.38E-06,1.41E-05,-2.15E-05,-1.94E-05,1.12E-05,-2.01E-05,1.00E-05,0.00024494,-0.00016794,7.47E-05,2.02E-05,2.65E-05,4.17E-06,-8.10E-07,-1.37E-05,-1.22E-05,2.22E-05,-4.69E-06,-4.86E-05,1.52E-05,-5.95E-05,1.94E-05,-4.33E-05,-0.00021899,0.00021227,4.01E-07,-7.46E-05,-9.42E-05,-7.35E-05,6.16E-05,2.31E-06,6.21E-05,-1.27E-05,1.46E-05
-5.78E-05,-0.00024295,-2.66E-05,0.00019518,-9.19E-05,0.00039624,-0.00039738,-1.83E-05,9.76E-05,9.74E-05,-7.13E-05,2.13E-05,-5.26E-06,9.14E-05,-3.44E-05,3.17E-05,-0.0071034,-0.00014407,9.58E-05,0.0067691,2.49E-05,0.00077627,0.00017762,0.00087576,0.0052002,0.00093514,0.0015213,-0.00048384,0.00014711,0.00035631,7.54E-05,0.00018876,0.00061739,-0.00034581,-0.00010411,-0.0001774,-1.60E-05,0.0005411,-0.00061292,-9.28E-05,-3.56E-06,-6.04E-05,-7.26E-05,-2.41E-05,4.83E-05,5.30E-05,8.71E-05,4.59E-05,0.00036525,0.00010663,-2.01E-05,-0.00029505,3.43E-05,-0.0002265,0.00019646,-2.33E-05,-2.58E-05,-0.00012709,5.30E-05,-1.99E-05,-1.14E-06,-7.93E-05,1.05E-05,-1.19E-05,-0.0007372,-0.00022023,1.94E-05,0.00055064,-0.0002304,0.0002869,-0.00023036,3.46E-05,0.00033705,0.00024594,-7.04E-05,9.95E-05,-9.48E-05,0.00016628,-0.00017396,2.83E-05
-2.74E-05,-0.00012198,-2.28E-05,-9.19E-05,7.85E-05,3.98E-05,-4.12E-05,1.43E-05,-4.29E-05,-6.74E-05,7.29E-05,-8.33E-05,5.93E-05,-1.47E-05,0.00012103,3.23E-05,-0.00061873,0.00014958,-4.56E-05,2.49E-05,0.014612,0.0010446,-0.00064683,0.00046548,0.00012275,0.00017001,-0.00019937,0.00020908,-0.00011441,0.00024598,-0.00025596,3.47E-05,-0.00029483,-0.00013946,-9.48E-06,-1.60E-05,-7.20E-05,0.00021353,-9.06E-05,0.00014019,8.65E-05,3.77E-05,-4.85E-05,7.67E-05,-4.76E-05,5.56E-05,-4.40E-05,7.37E-06,0.00019347,1.80E-05,1.00E-05,3.43E-05,-1.16E-05,-0.00012686,9.61E-05,-3.87E-05,3.86E-05,-1.02E-05,5.34E-06,1.69E-06,-9.87E-06,-3.82E-05,-0.00010605,-2.08E-05,0.00036775,-0.00020954,-4.33E-05,-0.0002304,0.00030307,-0.00013399,-1.52E-05,-0.00012901,-0.00021452,-0.00022904,0.00024085,-0.0003044,0.00020485,-0.00013947,0.00034795,6.87E-05
-0.0015659,-0.00034829,-0.00035912,0.00039624,3.98E-05,0.0058099,-0.0034025,0.0027034,0.0010385,0.00055197,-0.00021562,0.00054431,-0.00030824,-6.88E-05,-0.00039305,-0.00012471,-0.0044714,-0.0021038,0.00046015,0.00077627,0.0010446,0.12957,0.049371,-0.058641,0.0032093,-0.0039892,-0.0025858,0.0020606,-0.00079058,0.0016352,0.00071876,-0.00027272,-0.0011741,-0.00060298,-0.00072593,0.0005411,0.00021353,0.010546,-0.0062249,0.0045979,0.00099108,0.00046407,-7.05E-05,0.00041195,-0.00024685,0.00061061,8.18E-05,-6.03E-05,0.00053956,0.0002234,0.00024494,-0.0002265,-0.00012686,-0.0033945,0.001887,-0.0016514,-0.00038855,-0.00010971,6.28E-05,-0.00023501,0.00013615,-6.72E-06,0.00017204,7.13E-05,-0.002774,8.92E-07,-0.00021899,0.0002869,-0.00013399,0.0042731,-0.0026837,0.0020206,0.0012803,0.00070233,-0.00057223,0.00093014,-0.00046332,-0.00058991,-0.00078175,-0.00020623
0.0011466,0.0001628,0.00026895,-0.00039738,-4.12E-05,-0.0034025,0.001674,-0.0017952,-0.00058991,-0.00028129,8.39E-05,-0.00029442,0.00010982,-0.00014959,0.00030814,7.23E-05,0.0018211,0.0014773,-0.0048092,0.00017762,-0.00064683,0.049371,0.10655,-0.082855,0.0013211,-1.62E-05,1.81E-05,-0.0016309,0.00071397,-0.0010703,-0.00054249,0.00016234,0.0014597,0.00028079,0.000456,-0.00061292,-9.06E-05,-0.0062249,0.0033069,-0.0029761,-0.00079302,-0.00015192,5.64E-05,-0.00029491,0.00012201,-0.00047685,4.84E-05,4.06E-05,-0.00052061,-5.98E-05,-0.00016794,0.00019646,9.61E-05,0.001887,-0.00080714,0.001115,0.00018567,7.90E-05,-6.36E-05,0.0001341,-4.38E-05,0.00012398,-0.00010715,-4.02E-05,0.0014012,-6.67E-06,0.00021227,-0.00023036,-1.52E-05,-0.0026837,0.0015322,-0.0012674,-0.00048679,-0.00044061,0.00022821,-0.00046665,0.00015591,6.94E-05,0.00046535,0.00010977
-0.00025232,-0.00016051,-8.50E-05,-1.83E-05,1.43E-05,0.0027034,-0.0017952,0.00086509,0.00037572,0.00024893,-0.00010165,0.00022637,-0.00017396,-0.00016514,-8.55E-05,-5.75E-05,-0.0019382,-0.00051142,-0.0043277,0.00087576,0.00046548,-0.058641,-0.082855,0.096841,0.0042258,-0.0041125,-0.0024439,0.00033078,2.46E-05,0.00078424,0.00017702,-0.0001309,0.00046039,-0.00029701,-0.00026603,-9.28E-05,0.00014019,0.0045979,-0.0029761,0.0015587,0.00012096,0.00028197,1.59E-05,9.36E-05,-0.00010013,0.00018525,0.00013145,-2.49E-05,-5.64E-05,0.00015355,7.47E-05,-2.33E-05,-3.87E-05,-0.0016514,0.001115,-0.00052291,-0.0001703,-1.88E-05,-1.43E-05,-9.16E-05,8.18E-05,9.58E-05,6.37E-05,3.35E-05,-0.0011539,2.12E-05,4.01E-07,3.46E-05,-0.00012901,0.0020206,-0.0012674,0.00071704,0.00069567,0.00023453,-0.00030714,0.00043433,-0.00027642,-0.00045337,-0.00031801,-0.00010326
0.00055388,-1.87E-05,-1.71E-05,9.76E-05,-4.29E-05,0.0010385,-0.00058991,0.00037572,-7.10E-05,-6.53E-05,4.11E-05,-1.31E-05,1.94E-05,8.17E-05,-6.32E-05,1.83E-06,-0.0085685,0.0013081,8.83E-05,0.0052002,0.00012275,0.0032093,0.0013211,0.0042258,0.0091212,-0.0010499,-0.00078457,-0.00029729,0.00031209,-0.00026812,0.00014139,5.71E-05,0.0010467,0.00024092,2.35E-05,-3.56E-06,8.65E-05,0.00099108,-0.00079302,0.00012096,-0.00043769,-1.97E-05,0.00011478,-0.00015794,0.00010278,0.00010153,5.73E-05,2.17E-05,-0.00026976,0.00010642,2.02E-05,-2.58E-05,3.86E-05,-0.00038855,0.00018567,-0.0001703,-7.10E-05,6.57E-05,-1.68E-05,-3.70E-05,2.13E-05,1.08E-05,7.46E-05,9.75E-06,-0.0001452,-0.00025056,-7.46E-05,0.00033705,-0.00021452,0.0012803,-0.00048679,0.00069567,0.00039735,-3.24E-05,-3.31E-05,0.00014233,-6.27E-05,0.00014124,-0.00022715,-1.86E-05
-0.00046188,0.00012032,-7.74E-05,9.74E-05,-6.74E-05,0.00055197,-0.00028129,0.00024893,-6.53E-05,-9.78E-05,2.61E-05,-3.27E-05,8.58E-05,0.00012742,-0.00010496,-1.15E-05,-0.0076522,3.37E-05,-0.00044547,0.00093514,0.00017001,-0.0039892,-1.62E-05,-0.0041125,-0.0010499,0.01346,0.00016906,-0.00047697,0.00058157,-5.81E-05,0.00020866,3.08E-05,-0.00060004,0.00017507,-0.00010832,-6.04E-05,3.77E-05,0.00046407,-0.00015192,0.00028197,-1.97E-05,-0.00020796,0.00013065,-0.00014302,0.00014866,4.31E-05,4.02E-05,1.01E-05,0.00015715,-3.08E-05,2.65E-05,-0.00012709,-1.02E-05,-0.00010971,7.90E-05,-1.88E-05,6.57E-05,2.16E-05,-6.59E-05,7.91E-05,-8.16E-05,-6.09E-05,6.50E-05,4.69E-06,-0.00029667,0.00017616,-9.42E-05,0.00024594,-0.00022904,0.00070233,-0.00044061,0.00023453,-3.24E-05,-5.49E-06,-0.00010315,0.00011218,1.84E-05,0.00027776,-0.0002702,-3.60E-05
-0.001461,-0.00011254,-3.32E-05,-7.13E-05,7.29E-05,-0.00021562,8.39E-05,-0.00010165,4.11E-05,2.61E-05,-0.00046568,0.00059037,-0.00034866,3.37E-05,1.85E-05,4.18E-05,0.0042808,0.00059602,-0.00015931,0.0015213,-0.00019937,-0.0025858,1.81E-05,-0.0024439,-0.00078457,0.00016906,0.011799,0.0033611,-0.0019571,0.00036863,-2.70E-05,9.53E-05,-0.0016983,-0.00011492,-7.63E-06,-7.26E-05,-4.85E-05,-7.05E-05,5.64E-05,1.59E-05,0.00011478,0.00013065,-0.00056182,0.00072011,-0.00045088,9.35E-05,-0.00013694,2.26E-05,0.00041858,6.46E-05,4.17E-06,5.30E-05,5.34E-06,6.28E-05,-6.36E-05,-1.43E-05,-1.68E-05,-6.59E-05,0.0001429,-0.00019373,0.00011603,-7.23E-05,0.00010089,-1.93E-05,-0.0015152,-0.00018591,-7.35E-05,-7.04E-05,0.00024085,-0.00057223,0.00022821,-0.00030714,-3.31E-05,-0.00010315,-0.00049975,0.00061302,-0.00033423,-4.38E-05,0.00015938,7.40E-05
0.0016036,6.84E-05,3.33E-05,2.13E-05,-8.33E-05,0.00054431,-0.00029442,0.00022637,-1.31E-05,-3.27E-05,0.00059037,-0.00072228,0.00041918,-8.09E-05,-1.97E-05,-4.25E-05,-0.0055246,-0.0004793,0.00010159,-0.00048384,0.00020908,0.0020606,-0.0016309,0.00033078,-0.00029729,-0.00047697,0.0033611,0.010917,0.0023375,-0.00062868,3.82E-05,-8.99E-05,0.0018708,9.61E-05,1.44E-05,-2.41E-05,7.67E-05,0.00041195,-0.00029491,9.36E-05,-0.00015794,-0.00014302,0.00072011,-0.00089725,0.00054687,-0.00014185,0.00016676,-1.86E-05,-0.00046822,-1.40E-05,-8.10E-07,-1.99E-05,1.69E-06,-0.00023501,0.0001341,-9.16E-05,-3.70E-05,7.91E-05,-0.00019373,0.00022901,-0.00013401,0.00010692,-0.00011411,2.09E-05,0.0016444,0.00012173,6.16E-05,9.95E-05,-0.0003044,0.00093014,-0.00046665,0.00043433,0.00014233,0.00011218,0.00061302,-0.00073626,0.00039932,-1.36E-06,-0.00021907,-8.30E-05
-0.00082899,-6.63E-05,9.54E-06,-5.26E-06,5.93E-05,-0.00030824,0.00010982,-0.00017396,1.94E-05,8.58E-05,-0.00034866,0.00041918,-0.00026655,-8.97E-06,2.24E-05,1.80E-05,0.0034885,0.00021724,7.64E-05,0.00014711,-0.00011441,-0.00079058,0.00071397,2.46E-05,0.00031209,0.00058157,-0.0019571,0.0023375,0.01342,1.73E-06,-4.20E-05,1.89E-05,-0.00082172,-7.99E-05,2.02E-05,4.83E-05,-4.76E-05,-0.00024685,0.00012201,-0.00010013,0.00010278,0.00014866,-0.00045088,0.00054687,-0.00035399,3.49E-05,-8.90E-05,1.69E-06,0.00023426,1.70E-05,-1.37E-05,-1.14E-06,-9.87E-06,0.00013615,-4.38E-05,8.18E-05,2.13E-05,-8.16E-05,0.00011603,-0.00013401,8.66E-05,-4.38E-05,4.59E-05,-1.07E-05,-0.0010575,-0.00011475,2.31E-06,-9.48E-05,0.00020485,-0.00046332,0.00015591,-0.00027642,-6.27E-05,1.84E-05,-0.00033423,0.00039932,-0.00025389,-0.00010585,0.00013497,4.07E-05
0.00017646,-6.86E-05,3.15E-05,9.14E-05,-1.47E-05,-6.88E-05,-0.00014959,-0.00016514,8.17E-05,0.00012742,3.37E-05,-8.09E-05,-8.97E-06,-0.00078679,-5.86E-05,-5.65E-05,0.0012743,-0.00016068,9.08E-05,0.00035631,0.00024598,0.0016352,-0.0010703,0.00078424,-0.00026812,-5.81E-05,0.00036863,-0.00062868,1.73E-06,0.010207,0.00013536,-0.00017983,0.00026707,-4.11E-05,8.57E-07,5.30E-05,5.56E-05,0.00061061,-0.00047685,0.00018525,0.00010153,4.31E-05,9.35E-05,-0.00014185,3.49E-05,-0.00093885,5.17E-05,-4.41E-05,-0.00026206,2.21E-05,-1.22E-05,-7.93E-05,-3.82E-05,-6.72E-06,0.00012398,9.58E-05,1.08E-05,-6.09E-05,-7.23E-05,0.00010692,-4.38E-05,0.00035426,1.96E-05,2.09E-05,3.57E-05,1.95E-05,6.21E-05,0.00016628,-0.00013947,-0.00058991,6.94E-05,-0.00045337,0.00014124,0.00027776,-4.38E-05,-1.36E-06,-0.00010585,-0.000948,-0.00024041,-9.43E-05
0.0021293,-0.00013548,-8.18E-06,-3.44E-05,0.00012103,-0.00039305,0.00030814,-8.55E-05,-6.32E-05,-0.00010496,1.85E-05,-1.97E-05,2.24E-05,-5.86E-05,0.00026357,2.38E-05,-0.0041187,0.00025824,1.72E-05,7.54E-05,-0.00025596,0.00071876,-0.00054249,0.00017702,0.00014139,0.00020866,-2.70E-05,3.82E-05,-4.20E-05,0.00013536,0.014397,-4.45E-05,0.0019854,-1.66E-06,-3.38E-06,8.71E-05,-4.40E-05,8.18E-05,4.84E-05,0.00013145,5.73E-05,4.02E-05,-0.00013694,0.00016676,-8.90E-05,5.17E-05,2.15E-05,-1.50E-05,-0.00018154,0.00016636,2.22E-05,1.05E-05,-0.00010605,0.00017204,-0.00010715,6.37E-05,7.46E-05,6.50E-05,0.00010089,-0.00011411,4.59E-05,1.96E-05,-0.00054853,-4.92E-05,0.0032715,-0.00024175,-1.27E-05,-0.00017396,0.00034795,-0.00078175,0.00046535,-0.00031801,-0.00022715,-0.0002702,0.00015938,-0.00021907,0.00013497,-0.00024041,0.00044164,4.49E-05
0.00012818,3.50E-05,1.20E-05,3.17E-05,3.23E-05,-0.00012471,7.23E-05,-5.75E-05,1.83E-06,-1.15E-05,4.18E-05,-4.25E-05,1.80E-05,-5.65E-05,2.38E-05,-3.28E-05,0.00049892,0.00027981,5.53E-05,0.00018876,3.47E-05,-0.00027272,0.00016234,-0.0001309,5.71E-05,3.08E-05,9.53E-05,-8.99E-05,1.89E-05,-0.00017983,-4.45E-05,0.014765,0.00010942,5.49E-05,1.41E-05,4.59E-05,7.37E-06,-6.03E-05,4.06E-05,-2.49E-05,2.17E-05,1.01E-05,2.26E-05,-1.86E-05,1.69E-06,-4.41E-05,-1.50E-05,-3.97E-05,-6.89E-06,3.47E-06,-4.69E-06,-1.19E-05,-2.08E-05,7.13E-05,-4.02E-05,3.35E-05,9.75E-06,4.69E-06,-1.93E-05,2.09E-05,-1.07E-05,2.09E-05,-4.92E-05,9.64E-06,0.00024651,3.87E-05,1.46E-05,2.83E-05,6.87E-05,-0.00020623,0.00010977,-0.00010326,-1.86E-05,-3.60E-05,7.40E-05,-8.30E-05,4.07E-05,-9.43E-05,4.49E-05,-4.03E-05
0.00095397,0.00016396,-2.02E-05,-0.0006895,8.44E-06,-0.00060874,0.00027602,-0.00028884,-0.00029594,0.00010282,8.92E-05,-9.89E-05,-4.67E-05,0.00013422,-1.20E-05,2.33E-05,-0.0067378,-0.00035594,0.00017123,0.00061739,-0.00029483,-0.0011741,0.0014597,0.00046039,0.0010467,-0.00060004,-0.0016983,0.0018708,-0.00082172,0.00026707,0.0019854,0.00010942,0.19448,-0.0010877,-0.00051696,-0.0074905,0.00018273,0.00073197,-0.0032632,-0.002473,-0.011294,-0.005876,0.0096943,-0.011485,0.0063443,0.0001958,-0.010809,9.08E-05,0.0034364,-7.86E-05,6.55E-05,-0.00062952,0.00016821,-0.000434,0.00019372,-0.00024928,-0.0010445,0.00054426,0.00093313,-0.0010415,0.00036181,-5.53E-05,-0.00048039,5.49E-05,-0.0055837,-0.00014312,-5.49E-05,0.00063608,0.00031624,-0.00070385,0.00020445,-0.00044892,0.00035086,-0.00036801,-0.001098,0.0011936,-0.00060639,-0.00027241,0.002186,0.00011457
0.00016396,-1.72E-05,-4.01E-06,-1.33E-05,-2.36E-05,8.16E-05,-8.95E-05,-6.20E-06,-0.00021279,2.35E-05,-6.69E-05,2.21E-05,-2.15E-05,6.02E-05,-0.00016928,-1.34E-05,-0.00035594,0.0012042,5.12E-05,-0.00034581,-0.00013946,-0.00060298,0.00028079,-0.00029701,0.00024092,0.00017507,-0.00011492,9.61E-05,-7.99E-05,-4.11E-05,-1.66E-06,5.49E-05,-0.0010877,0.0041117,-8.85E-05,0.00096055,0.00062955,-0.00036461,0.00075213,0.00041392,0.0010655,-0.00053566,0.0010843,-0.00080469,0.00050234,-7.18E-05,0.00066887,0.00013611,-7.86E-05,-0.00067957,-3.99E-05,6.35E-05,-7.59E-05,0.00049376,-0.00030183,0.00017493,-0.00014084,9.27E-05,-8.93E-05,8.90E-05,-5.95E-05,0.00030605,-1.10E-05,-8.40E-06,-0.00014312,0.00047092,1.36E-05,-7.49E-05,-7.39E-05,-8.62E-05,0.0001416,7.03E-05,0.0001565,3.63E-05,1.98E-05,1.61E-05,-2.08E-05,-0.00013783,0.000121,4.28E-05
-2.02E-05,-4.01E-06,-4.65E-06,5.05E-05,-1.21E-05,-7.48E-05,5.78E-05,-1.56E-05,-4.40E-05,-1.03E-05,-1.18E-05,1.84E-06,7.62E-06,1.47E-05,-2.25E-05,1.86E-06,0.00017123,5.12E-05,-4.20E-05,-0.00010411,-9.48E-06,-0.00072593,0.000456,-0.00026603,2.35E-05,-0.00010832,-7.63E-06,1.44E-05,2.02E-05,8.57E-07,-3.38E-06,1.41E-05,-0.00051696,-8.85E-05,0.014567,0.00029554,1.69E-05,0.0027177,-0.0062849,-0.0035625,0.00011226,-9.31E-05,-9.49E-05,3.52E-05,3.81E-06,3.72E-05,7.08E-05,6.52E-06,6.55E-05,-3.99E-05,8.57E-06,2.16E-05,-1.86E-06,-0.00017137,5.56E-05,-0.00011809,-5.32E-05,-1.87E-05,-7.08E-07,-1.77E-05,7.62E-06,-1.69E-05,-1.77E-05,-1.33E-06,-5.49E-05,1.36E-05,-2.94E-05,-5.50E-05,-9.33E-06,0.00017268,-6.04E-05,0.00011478,2.51E-05,-2.53E-05,-3.42E-05,4.46E-05,-1.84E-05,2.46E-05,3.48E-05,4.81E-06
-0.0006895,-1.33E-05,5.05E-05,0.00040193,-7.25E-05,3.19E-05,2.65E-05,5.49E-05,0.00011819,0.00016528,-2.70E-05,5.36E-05,-4.36E-05,8.72E-05,-6.58E-05,-5.04E-07,0.00061739,-0.00034581,-0.00010411,-0.0001774,-1.60E-05,0.0005411,-0.00061292,-9.28E-05,-3.56E-06,-6.04E-05,-7.26E-05,-2.41E-05,4.83E-05,5.30E-05,8.71E-05,4.59E-05,-0.0074905,0.00096055,0.00029554,0.0063814,0.00025193,-0.001005,0.0020443,0.0010339,0.0049591,0.00072837,0.0018149,-0.00052252,9.18E-05,3.05E-06,-1.43E-05,4.66E-05,-0.00062952,6.35E-05,2.16E-05,0.00019868,-7.97E-05,-0.00023518,0.00027165,3.43E-05,0.00023386,6.22E-05,3.13E-05,8.27E-05,-8.83E-05,6.67E-05,-4.90E-05,-1.02E-05,0.00063608,-7.49E-05,-5.50E-05,-0.00029128,-3.08E-05,7.53E-05,-0.00012606,-5.60E-05,9.17E-06,-0.00010414,6.25E-06,-2.82E-05,8.55E-06,-5.31E-05,-2.96E-05,1.36E-05
8.44E-06,-2.36E-05,-1.21E-05,-7.25E-05,9.61E-05,3.62E-05,-7.59E-05,-3.49E-05,-0.00011041,-4.54E-05,5.01E-05,-8.03E-05,6.03E-05,-1.92E-05,0.00017904,2.76E-05,-0.00029483,-0.00013946,-9.48E-06,-1.60E-05,-7.20E-05,0.00021353,-9.06E-05,0.00014019,8.65E-05,3.77E-05,-4.85E-05,7.67E-05,-4.76E-05,5.56E-05,-4.40E-05,7.37E-06,0.00018273,0.00062955,1.69E-05,0.00025193,0.014587,0.00039696,-0.0002547,0.00014532,0.00011179,0.00019282,-0.0002093,0.00020256,-0.00013413,0.00013447,-0.00053226,-5.56E-05,0.00016821,-7.59E-05,-1.86E-06,-7.97E-05,0.00012145,4.13E-05,-9.59E-05,-5.45E-05,-0.00012748,-5.52E-05,3.80E-05,-7.76E-05,5.34E-05,-7.54E-05,0.00015989,1.52E-05,0.00031624,-7.39E-05,-9.33E-06,-3.08E-05,5.92E-05,-0.00023077,0.00016537,-6.25E-05,3.39E-05,-9.67E-05,0.00010297,-9.78E-05,5.33E-05,-7.49E-05,-7.03E-05,-8.75E-07
-0.00060874,8.16E-05,-7.48E-05,3.19E-05,3.62E-05,0.00089673,-0.00053133,0.00047623,0.00012875,-2.92E-05,-0.00017402,0.00024232,-0.00010435,-0.00019402,-0.00019779,-6.60E-05,-0.0011741,-0.00060298,-0.00072593,0.0005411,0.00021353,0.010546,-0.0062249,0.0045979,0.00099108,0.00046407,-7.05E-05,0.00041195,-0.00024685,0.00061061,8.18E-05,-6.03E-05,0.00073197,-0.00036461,0.0027177,-0.001005,0.00039696,0.096569,0.06878,-0.073357,-0.00040647,-0.0055931,-0.0019758,0.00018317,0.00026353,0.0004755,0.0011919,9.60E-05,-0.000434,0.00049376,-0.00017137,-0.00023518,4.13E-05,0.0014854,-0.0012226,0.00029425,-0.00049946,-0.00045195,-0.00029228,0.00014343,2.75E-05,0.00019925,0.00033798,2.15E-05,-0.00070385,-8.62E-05,0.00017268,7.53E-05,-0.00023077,-0.0011303,0.00060456,-0.0004626,0.00061423,0.00056946,-6.36E-05,0.00016227,-0.0001177,-0.00029435,-0.00033246,-3.07E-05
0.00027602,-8.95E-05,5.78E-05,2.65E-05,-7.59E-05,-0.00053133,0.00028756,-0.00028233,7.99E-05,-4.89E-05,0.00011618,-0.00012539,3.08E-05,2.03E-05,5.11E-05,3.19E-05,0.0014597,0.00028079,0.000456,-0.00061292,-9.06E-05,-0.0062249,0.0033069,-0.0029761,-0.00079302,-0.00015192,5.64E-05,-0.00029491,0.00012201,-0.00047685,4.84E-05,4.06E-05,-0.0032632,0.00075213,-0.0062849,0.0020443,-0.0002547,0.06878,0.09643,-0.073306,0.0037147,0.00069017,-0.0003683,-0.00044646,0.0002666,0.00023197,-0.0010373,-5.63E-05,0.00019372,-0.00030183,5.56E-05,0.00027165,-9.59E-05,-0.0012226,0.0013473,8.11E-05,0.00043301,0.00017505,0.00022687,-0.00013717,2.59E-05,-6.58E-05,-0.00041572,-2.47E-05,0.00020445,0.0001416,-6.04E-05,-0.00012606,0.00016537,0.00060456,-0.00036931,0.00023644,-0.00040867,-0.00025008,-8.61E-05,-4.14E-05,3.17E-05,0.00014618,0.00033297,2.24E-05
-0.00028884,-6.20E-06,-1.56E-05,5.49E-05,-3.49E-05,0.00047623,-0.00028233,0.00019883,0.00018832,-8.61E-05,-5.16E-05,0.00011326,-6.84E-05,-0.00016457,-0.00014554,-3.56E-05,0.00046039,-0.00029701,-0.00026603,-9.28E-05,0.00014019,0.0045979,-0.0029761,0.0015587,0.00012096,0.00028197,1.59E-05,9.36E-05,-0.00010013,0.00018525,0.00013145,-2.49E-05,-0.002473,0.00041392,-0.0035625,0.0010339,0.00014532,-0.073357,-0.073306,0.091863,0.0032926,-0.004903,-0.0023322,-0.00027665,0.0005396,0.00073576,0.00015086,3.91E-05,-0.00024928,0.00017493,-0.00011809,3.43E-05,-5.45E-05,0.00029425,8.11E-05,0.00039642,-6.90E-05,-0.00028893,-7.53E-05,1.48E-05,4.76E-05,0.0001142,-7.45E-05,-3.29E-06,-0.00044892,7.03E-05,0.00011478,-5.60E-05,-6.25E-05,-0.0004626,0.00023644,-0.00025167,0.00018526,0.00032229,-0.00013776,0.00010897,-7.61E-05,-0.00012149,-3.69E-06,-9.54E-06
-0.00029594,-0.00021279,-4.40E-05,0.00011819,-0.00011041,0.00012875,7.99E-05,0.00018832,0.00033969,-1.84E-05,-3.43E-05,0.0001201,-6.95E-05,-7.08E-06,-0.00013694,-2.09E-05,0.0010467,0.00024092,2.35E-05,-3.56E-06,8.65E-05,0.00099108,-0.00079302,0.00012096,-0.00043769,-1.97E-05,0.00011478,-0.00015794,0.00010278,0.00010153,5.73E-05,2.17E-05,-0.011294,0.0010655,0.00011226,0.0049591,0.00011179,-0.00040647,0.0037147,0.0032926,0.0097642,-0.0008949,-0.0010587,-7.75E-05,0.00014717,-0.00057,0.00026761,3.45E-05,-0.0010445,-0.00014084,-5.32E-05,0.00023386,-0.00012748,-0.00049946,0.00043301,-6.90E-05,0.00053752,0.00016044,-6.32E-05,0.00013944,-8.04E-05,3.87E-05,-0.0001439,-2.30E-05,0.00035086,0.0001565,2.51E-05,9.17E-06,3.39E-05,0.00061423,-0.00040867,0.00018526,-0.00029355,-1.52E-05,1.94E-05,-9.27E-05,6.62E-05,9.21E-05,8.23E-05,2.22E-05
0.00010282,2.35E-05,-1.03E-05,0.00016528,-4.54E-05,-2.92E-05,-4.89E-05,-8.61E-05,-1.84E-05,5.86E-05,-4.99E-06,2.21E-06,1.93E-05,9.23E-05,-0.00010749,-1.23E-05,-0.00060004,0.00017507,-0.00010832,-6.04E-05,3.77E-05,0.00046407,-0.00015192,0.00028197,-1.97E-05,-0.00020796,0.00013065,-0.00014302,0.00014866,4.31E-05,4.02E-05,1.01E-05,-0.005876,-0.00053566,-9.31E-05,0.00072837,0.00019282,-0.0055931,0.00069017,-0.004903,-0.0008949,0.013978,-0.00018855,-7.48E-05,9.06E-05,-0.00041818,0.00037005,3.45E-05,0.00054426,9.27E-05,-1.87E-05,6.22E-05,-5.52E-05,-0.00045195,0.00017505,-0.00028893,0.00016044,0.00010803,-4.47E-05,6.06E-05,-4.81E-05,7.46E-05,-3.32E-05,-4.22E-06,-0.00036801,3.63E-05,-2.53E-05,-0.00010414,-9.67E-05,0.00056946,-0.00025008,0.00032229,-1.52E-05,-7.90E-05,-9.61E-05,0.00010854,-4.87E-05,2.61E-05,-2.03E-05,-7.55E-06
8.92E-05,-6.69E-05,-1.18E-05,-2.70E-05,5.01E-05,-0.00017402,0.00011618,-5.16E-05,-3.43E-05,-4.99E-06,5.92E-06,-5.42E-06,1.50E-05,2.43E-05,-4.97E-05,2.04E-05,-0.0016983,-0.00011492,-7.63E-06,-7.26E-05,-4.85E-05,-7.05E-05,5.64E-05,1.59E-05,0.00011478,0.00013065,-0.00056182,0.00072011,-0.00045088,9.35E-05,-0.00013694,2.26E-05,0.0096943,0.0010843,-9.49E-05,0.0018149,-0.0002093,-0.0019758,-0.0003683,-0.0023322,-0.0010587,-0.00018855,0.013607,0.0010421,-0.00054062,5.30E-05,0.0003926,-3.00E-05,0.00093313,-8.93E-05,-7.08E-07,3.13E-05,3.80E-05,-0.00029228,0.00022687,-7.53E-05,-6.32E-05,-4.47E-05,0.00021252,-0.000284,0.00017968,-1.56E-05,-0.00012672,2.04E-06,-0.001098,1.98E-05,-3.42E-05,6.25E-06,0.00010297,-6.36E-05,-8.61E-05,-0.00013776,1.94E-05,-9.61E-05,-0.0003022,0.00036382,-0.00021029,-9.89E-05,0.00027143,1.49E-05
-9.89E-05,2.21E-05,1.84E-06,5.36E-05,-8.03E-05,0.00024232,-0.00012539,0.00011326,0.0001201,2.21E-06,-5.42E-06,2.14E-05,-2.48E-05,-4.08E-05,3.31E-05,-2.62E-05,0.0018708,9.61E-05,1.44E-05,-2.41E-05,7.67E-05,0.00041195,-0.00029491,9.36E-05,-0.00015794,-0.00014302,0.00072011,-0.00089725,0.00054687,-0.00014185,0.00016676,-1.86E-05,-0.011485,-0.00080469,3.52E-05,-0.00052252,0.00020256,0.00018317,-0.00044646,-0.00027665,-7.75E-05,-7.48E-05,0.0010421,0.01377,0.00063408,-0.00011993,-0.00043594,3.46E-05,-0.0010415,8.90E-05,-1.77E-05,8.27E-05,-7.76E-05,0.00014343,-0.00013717,1.48E-05,0.00013944,6.06E-05,-0.000284,0.00035782,-0.00021971,3.93E-05,7.41E-05,-1.24E-05,0.0011936,1.61E-05,4.46E-05,-2.82E-05,-9.78E-05,0.00016227,-4.14E-05,0.00010897,-9.27E-05,0.00010854,0.00036382,-0.00045903,0.00026267,0.00010128,-0.00028616,-1.07E-05
-4.67E-05,-2.15E-05,7.62E-06,-4.36E-05,6.03E-05,-0.00010435,3.08E-05,-6.84E-05,-6.95E-05,1.93E-05,1.50E-05,-2.48E-05,1.35E-05,-2.15E-06,-4.25E-06,1.56E-05,-0.00082172,-7.99E-05,2.02E-05,4.83E-05,-4.76E-05,-0.00024685,0.00012201,-0.00010013,0.00010278,0.00014866,-0.00045088,0.00054687,-0.00035399,3.49E-05,-8.90E-05,1.69E-06,0.0063443,0.00050234,3.81E-06,9.18E-05,-0.00013413,0.00026353,0.0002666,0.0005396,0.00014717,9.06E-05,-0.00054062,0.00063408,0.014522,-8.96E-05,0.00017706,-2.56E-05,0.00036181,-5.95E-05,7.62E-06,-8.83E-05,5.34E-05,2.75E-05,2.59E-05,4.76E-05,-8.04E-05,-4.81E-05,0.00017968,-0.00021971,0.00012675,-6.33E-05,-4.51E-05,8.17E-06,-0.00060639,-2.08E-05,-1.84E-05,8.55E-06,5.33E-05,-0.0001177,3.17E-05,-7.61E-05,6.62E-05,-4.87E-05,-0.00021029,0.00026267,-0.00015909,-7.67E-05,0.00014342,1.74E-06
0.00013422,6.02E-05,1.47E-05,8.72E-05,-1.92E-05,-0.00019402,2.03E-05,-0.00016457,-7.08E-06,9.23E-05,2.43E-05,-4.08E-05,-2.15E-06,-0.00017065,-9.20E-05,-2.02E-05,0.00026707,-4.11E-05,8.57E-07,5.30E-05,5.56E-05,0.00061061,-0.00047685,0.00018525,0.00010153,4.31E-05,9.35E-05,-0.00014185,3.49E-05,-0.00093885,5.17E-05,-4.41E-05,0.0001958,-7.18E-05,3.72E-05,3.05E-06,0.00013447,0.0004755,0.00023197,0.00073576,-0.00057,-0.00041818,5.30E-05,-0.00011993,-8.96E-05,0.013519,0.00018999,1.03E-05,-5.53E-05,0.00030605,-1.69E-05,6.67E-05,-7.54E-05,0.00019925,-6.58E-05,0.0001142,3.87E-05,7.46E-05,-1.56E-05,3.93E-05,-6.33E-05,1.31E-05,-0.00013838,-7.92E-06,-0.00027241,-0.00013783,2.46E-05,-5.31E-05,-7.49E-05,-0.00029435,0.00014618,-0.00012149,9.21E-05,2.61E-05,-9.89E-05,0.00010128,-7.67E-05,-0.00020483,-9.49E-06,-2.50E-05
-1.20E-05,-0.00016928,-2.25E-05,-6.58E-05,0.00017904,-0.00019779,5.11E-05,-0.00014554,-0.00013694,-0.00010749,-4.97E-05,3.31E-05,-4.25E-06,-9.20E-05,0.00055402,5.07E-05,0.0019854,-1.66E-06,-3.38E-06,8.71E-05,-4.40E-05,8.18E-05,4.84E-05,0.00013145,5.73E-05,4.02E-05,-0.00013694,0.00016676,-8.90E-05,5.17E-05,2.15E-05,-1.50E-05,-0.010809,0.00066887,7.08E-05,-1.43E-05,-0.00053226,0.0011919,-0.0010373,0.00015086,0.00026761,0.00037005,0.0003926,-0.00043594,0.00017706,0.00018999,0.013169,-0.00011523,-0.00048039,-1.10E-05,-1.77E-05,-4.90E-05,0.00015989,0.00033798,-0.00041572,-7.45E-05,-0.0001439,-3.32E-05,-0.00012672,7.41E-05,-4.51E-05,-0.00013838,0.00027316,4.56E-06,0.002186,0.000121,3.48E-05,-2.96E-05,-7.03E-05,-0.00033246,0.00033297,-3.69E-06,8.23E-05,-2.03E-05,0.00027143,-0.00028616,0.00014342,-9.49E-06,-0.00071579,-5.42E-05
2.33E-05,-1.34E-05,1.86E-06,-5.04E-07,2.76E-05,-6.60E-05,3.19E-05,-3.56E-05,-2.09E-05,-1.23E-05,2.04E-05,-2.62E-05,1.56E-05,-2.02E-05,5.07E-05,-2.17E-06,0.00010942,5.49E-05,1.41E-05,4.59E-05,7.37E-06,-6.03E-05,4.06E-05,-2.49E-05,2.17E-05,1.01E-05,2.26E-05,-1.86E-05,1.69E-06,-4.41E-05,-1.50E-05,-3.97E-05,9.08E-05,0.00013611,6.52E-06,4.66E-05,-5.56E-05,9.60E-05,-5.63E-05,3.91E-05,3.45E-05,3.45E-05,-3.00E-05,3.46E-05,-2.56E-05,1.03E-05,-0.00011523,0.014896,5.49E-05,-8.40E-06,-1.33E-06,-1.02E-05,1.52E-05,2.15E-05,-2.47E-05,-3.29E-06,-2.30E-05,-4.22E-06,2.04E-06,-1.24E-05,8.17E-06,-7.92E-06,4.56E-06,4.37E-06,0.00011457,4.28E-05,4.81E-06,1.36E-05,-8.75E-07,-3.07E-05,2.24E-05,-9.54E-06,2.22E-05,-7.55E-06,1.49E-05,-1.07E-05,1.74E-06,-2.50E-05,-5.42E-05,-1.87E-05
